site_id	Baby1	Baby2	Baby3	Baby4	Mother1	Mother2	Mother3	Mother4
NZ_DS362217|1|T	1	0.999999870453842	0.999999999989208	0.999999999788634	1	1	0.999999999999771	1
NZ_DS362217|2|A	1	1	1	1	1	1	1	0.999997880867203
NZ_DS362217|3|T	1	0.999999999999997	0.996029963197043	1	1	1	1	1
NZ_DS362217|4|T	1	1	1	0.999999999529501	0.999999999930569	1	0.999999960594639	0.999986126294186
NZ_DS362217|5|G	1	1	1	1	1	1	1	1
NZ_DS362217|6|T	1	1	0.99999970208447	0.999975958867881	1	1	1	1
NZ_DS362217|7|C	1	0.999999999946229	1	1	1	0.99999927813805	1	1
NZ_DS362217|8|T	1	1	1	0.999999994679675	1	0.999994608541198	1	0.999999993462716
NZ_DS362217|9|C	1	1	1	0.999999932072764	1	0.999805101874552	1	1
NZ_DS362217|10|G	0.999999999999978	1	0.999999762059686	1	0.999648775952715	1	1	1
NZ_DS362217|11|C	1	1	1	0.996885306419053	1	1	1	0.999998689927407
NZ_DS362217|12|C	0.999999998702312	1	0.99999999991841	1	1	1	1	1
NZ_DS362217|13|C	0.99999999999905	0.910684036321016	0.999959696114979	0.999999999999999	0.999999999999993	0.500637695693718	1	1
NZ_DS362217|14|T	1	1	1	0.999999999982641	1	0.998309672560219	1	1
NZ_DS362217|15|G	1	0.99953757208852	1	0.999999999999966	1	1	1	1
NZ_DS362217|16|T	1	1	1	0.99999969539238	1	0.9999999999997	1	1
NZ_DS362217|17|G	0.999617612532585	1	0.9999999999614	1	1	1	0.999999999999998	1
NZ_DS362217|18|G	1	1	0.999999999999615	1	1	1	1	0.999999999997753
NZ_DS362217|19|T	1	1	0.999999999986725	1	1	1	0.999999999019122	0.999999969192406
NZ_DS362217|20|G	1	0.999999900593495	0.999844745996805	1	1	1	1	1
NZ_DS362217|21|G	0.601679230481386	1	1	0.999999999999996	0.69881714801304	1	0.999999999999879	0.999999999630634
NZ_DS362217|22|A	0.654206942161545	1	1	1	0.652410926762968	1	0.518443890811031	0.99993468475511
NZ_DS362217|23|T	0.765499567007646	0.999999995296041	1	1	0.746307280380279	1	1	1
NZ_DS362217|24|T	0.678431951440871	1	1	0.992414106172593	0.696304091764614	1	1	1
NZ_DS362217|25|C	0.759742757352069	1	1	1	0.697985874395817	1	1	1
NZ_DS362217|26|A	0.634843768086284	1	1	1	0.758888219343498	1	1	0.981241706116469
NZ_DS362217|27|A	0.720368633372709	1	1	0.993533925191634	0.711950649367645	1	1	1
NZ_DS362217|28|G	0.658367355773225	1	1	1	0.734065643604845	1	0.999999999998992	1
NZ_DS362217|29|T	0.651623795973137	1	1	1	0.615842658607289	1	0.99999964773636	0.611368647233907
NZ_DS362217|30|G	0.685257372772321	1	0.999999999999335	1	0.694385456759483	0.999999999998911	1	1
NZ_DS362217|31|G	1	0.791361098457128	1	1	1	0.674780305149034	0.22693861363253	1
NZ_DS362217|32|C	1	0.713673161668703	0.999999999999999	0.993700275314257	0.944929671747653	0.733198991883546	0.999999999999853	1
NZ_DS362217|33|A	1	0.717602742603049	1	0.999999999999866	0.999994233875216	0.711713392334059	0.9999983928517	1
NZ_DS362217|34|T	0.999999970968697	0.788857957813889	1	1	1	0.707104696612805	1	0.850165012770279
NZ_DS362217|35|A	1	0.677358029736206	1	1	1	0.691334186820313	1	1
NZ_DS362217|36|C	1	0.739535003108904	1	1	0.999998437239578	0.608274383284152	1	1
NZ_DS362217|37|A	0.999998636157687	0.646962406067178	1	0.999998345134848	1	0.755803933274001	1	1
NZ_DS362217|38|A	1	0.760376003105193	1	1	1	0.674969558557496	0.999999999999924	0.999999984813619
NZ_DS362217|39|T	0.999999999999935	0.617798628052697	1	1	1	0.677721593575552	1	0.99999984128022
NZ_DS362217|40|T	0.99999999808866	0.69554803725332	1	1	0.99999999999999	0.639536242326722	1	1
NZ_DS362217|41|T	0.999999999999973	0.952293685458402	0.774056095350534	1	0.999999999999864	0.999999999999967	0.722705578804016	1
NZ_DS362217|42|A	1	1	0.781924678711221	1	1	1	0.78294374877587	1
NZ_DS362217|43|G	1	1	0.693109178962186	1	1	1	0.688817337760702	1
NZ_DS362217|44|T	1	1	0.601686013722792	1	1	1	0.728154553798959	1
NZ_DS362217|45|C	1	0.999995912437094	0.790008151112124	1	0.999999982441863	0.999999999902643	0.615071783494204	1
NZ_DS362217|46|A	1	1	0.653358573932201	0.99999999963326	0.989478810567606	1	0.635384806524962	1
NZ_DS362217|47|A	1	1	0.752735193446279	0.982601753108064	1	1	0.659240806894377	1
NZ_DS362217|48|T	1	1	0.608976419363171	1	1	1	0.764670681627467	1
NZ_DS362217|49|G	0.999999999999978	1	0.66554860221222	1	1	1	0.710730359517038	1
NZ_DS362217|50|T	0.981451208877527	1	0.789712249673903	0.971045707532532	1	0.281069464034024	0.697852413775399	1
NZ_DS362217|51|C	1	1	1	0.726835354603827	0.999999999999988	1	1	0.664437942812219
NZ_DS362217|52|T	1	1	1	0.726881852513179	1	1	1	0.613172028120607
NZ_DS362217|53|T	1	1	1	0.763080605585128	1	1	1	0.732091394858435
NZ_DS362217|54|A	0.964574966576797	1	1	0.617233677208424	1	0.917618611630417	1	0.768863364728168
NZ_DS362217|55|T	1	1	0.999999999999962	0.702535001840442	1	0.999978620587257	1	0.678184327110648
NZ_DS362217|56|T	1	0.999999841250889	0.999999999999999	0.736512367287651	0.0900800638775694	1	1	0.661454767081887
NZ_DS362217|57|A	1	0.999999999982907	0.999999999990317	0.774271837342531	1	1	1	0.647703877091408
NZ_DS362217|58|C	0.999999997463323	0.189634668081903	1	0.641828580852598	1	1	1	0.636740766884759
NZ_DS362217|59|C	1	1	0.999959545413224	0.718520128447562	0.995831824356764	1	1	0.751680739223957
NZ_DS362217|60|G	0.999999999996482	1	1	0.749475123081356	0.999999991054871	0.998264003242865	1	0.797849462693557
NZ_DS362217|61|G	1	0.999999999998414	0.999999993774591	1	0.799979738378897	0.999999999630541	1	1
NZ_DS362217|62|G	1	1	0.999999999999999	1	0.609381686896086	1	1	0.947538184207066
NZ_DS362217|63|A	0.852520450188261	1	1	0.999998407222369	0.788813538989052	0.999999999999962	0.999999999999707	0.999999999963512
NZ_DS362217|64|T	1	1	0.999995329025326	1	0.773512045340613	0.999999902083497	1	1
NZ_DS362217|65|T	0.967950390109191	1	1	1	0.601775988470763	1	1	1
NZ_DS362217|66|T	1	1	1	1	0.690720995189622	1	1	1
NZ_DS362217|67|G	1	1	1	0.999999999998544	0.701374481106177	1	1	0.999698047679478
NZ_DS362217|68|C	1	0.999999999999999	0.999999999145071	1	0.675004261592403	1	1	1
NZ_DS362217|69|T	1	0.999999999982166	1	0.999597944616145	0.715153871383518	1	1	1
NZ_DS362217|70|T	1	1	1	1	0.710107798455283	1	0.999999951368888	1
NZ_DS362217|71|C	1	0.99999999999038	1	0.999999999998249	1	0.758673544041812	0.999999999984536	0.99999351116556
NZ_DS362217|72|C	0.777781457738182	1	0.937181077577831	1	1	0.691266717994586	0.999999999999997	1
NZ_DS362217|73|A	1	1	1	1	1	0.648440949432552	1	1
NZ_DS362217|74|G	1	1	0.999999999962936	1	1	0.696006375830621	1	0.999977533663742
NZ_DS362217|75|G	1	0.999999999999943	1	1	1	0.768096917867661	1	1
NZ_DS362217|76|C	0.999999999850084	1	1	1	1	0.798415394127369	0.99896756938695	1
NZ_DS362217|77|C	1	1	0.999999999587396	1	1	0.648846937390044	1	1
NZ_DS362217|78|T	1	0.99999660557761	1	1	1	0.724607744347304	1	0.156912568770713
NZ_DS362217|79|T	1	1	1	0.994877408225159	0.99999999999887	0.691757960105315	0.999933789162099	1
NZ_DS362217|80|C	0.999998248559033	0.99999999999471	1	1	1	0.769674467388541	1	0.332674041311727
NZ_DS362217|81|C	0.999999999999998	0.999994414011222	1	0.999999999981636	1	1	0.745406731078401	1
NZ_DS362217|82|T	1	1	1	1	1	0.999999999999604	0.638260919647291	1
NZ_DS362217|83|T	0.999999999999993	0.999999948332241	1	1	0.999999996175507	0.999999333909288	0.654315765108913	1
NZ_DS362217|84|T	1	0.978795497300173	1	0.998913702356828	0.999999996038711	1	0.634487577993423	1
NZ_DS362217|85|A	0.999999999999991	1	0.998179903684683	1	0.999999999887534	1	0.706763217924163	1
NZ_DS362217|86|A	1	1	1	1	1	1	0.666771444818005	1
NZ_DS362217|87|A	1	1	1	1	1	0.999951389118858	0.788543212413788	0.999685733524332
NZ_DS362217|88|G	1	1	1	0.999999999999995	1	1	0.792743577482179	1
NZ_DS362217|89|T	1	1	1	1	1	1	0.664289583358914	1
NZ_DS362217|90|G	1	1	1	0.999825819051354	1	1	0.735185829224065	1
NZ_DS362217|91|G	0.99999867471579	1	0.999999999999882	0.999999956507318	1	0.999999999996767	0.999999329306781	0.273994708899409
NZ_DS362217|92|C	1	0.999999999999998	0.999896778195829	1	1	0.896818493404988	0.99999384014223	0.625908192293719
NZ_DS362217|93|A	1	1	1	1	0.999999921181474	1	1	0.659222376858816
NZ_DS362217|94|A	0.99999999962097	1	1	1	0.999833427323022	1	1	0.398938229493797
NZ_DS362217|95|C	1	1	0.999999470120436	0.999997430451706	0.99999999477651	0.999999999999987	1	0.329816878121346
NZ_DS362217|96|A	1	1	1	1	1	1	1	0.469511910574511
NZ_DS362217|97|T	1	1	1	0.999999999999992	1	1	1	0.436517423670739
NZ_DS362217|98|A	1	1	1	1	1	1	1	0.544893280044198
NZ_DS362217|99|C	1	1	1	1	1	1	1	0.616521764546633
NZ_DS362217|100|T	1	1	1	1	0.999999999319037	0.999999999999999	1	0.23623914020136
NZ_DS362217|101|C	0	0	0	0	0	0	0	8e-07
NZ_DS362217|102|A	0	0	0	0.0021856	0	0	0	0
NZ_DS362217|103|T	0	0	0	0	0	0	0	0
NZ_DS362217|104|C	0	0	0	0	0	0.4068687	0	0
NZ_DS362217|105|A	0	0	0	2.1e-06	2.62e-05	0	0	0
NZ_DS362217|106|T	0	0	0	0.0009561	0	0.0528087	0	0
NZ_DS362217|107|T	0	0	0	0	0	0	0	0
NZ_DS362217|108|T	1.79e-05	0.2117725	0.0720295	0	0	0	0	0
NZ_DS362217|109|T	0	0	0	0	0	0	0	0
NZ_DS362217|110|T	0	0	0	0	0	0	0	0.2512415
NZ_DS362217|111|C	0	0	0	0	0	0	0.0248327	0
NZ_DS362217|112|T	0	0	0	0	0	0	0	0
NZ_DS362217|113|T	0	0	0	0	0	0	0	1.7e-06
NZ_DS362217|114|C	0	0	0	0	1.6e-06	0	0	5e-07
NZ_DS362217|115|A	0	0	0	0	0	0	1.3e-06	0
NZ_DS362217|116|A	0	0	0	0.0220236	0	3.3e-06	0	0
NZ_DS362217|117|A	0	0.0689489	0	0	0	0	0	0
NZ_DS362217|118|T	0	0	0	0	0.1118869	0	0.0012307	0
NZ_DS362217|119|C	0	0	0	0	0	1e-07	0	0
NZ_DS362217|120|T	0	0	0	0	0	0	0	0
NZ_DS362217|121|T	0.471087768767029	0	7.9e-06	0	0.52735442481935	0	0	0
NZ_DS362217|122|T	0.552356160245836	0	0	0	0.23477493012324	0	0	0
NZ_DS362217|123|C	0.299377354886383	0	0.8457542	0	0.534730820450932	1e-07	0	0.1894449
NZ_DS362217|124|A	0.350004215165973	0	0	0.110006	0.429649677686393	0	0	0
NZ_DS362217|125|A	0.302105149440467	0.0032811	0	0	0.207134852278978	0	0	0
NZ_DS362217|126|A	0.374164159223437	0	1.6e-06	0	0.562603816296905	0	0	0
NZ_DS362217|127|G	0.590667464863509	0	0	0	0.381571666710079	0	0	0
NZ_DS362217|128|C	0.390263568796217	0.0003807	0	0	0.502861850894988	0	0	0
NZ_DS362217|129|A	0.395562738925219	0	0	0	0.525543729495257	0	0	0
NZ_DS362217|130|C	0.478203425277024	0.0508942	0	0.0014319	0.574366698693484	0	0	0
NZ_DS362217|131|C	0	0.244739612843841	0	0	0	0.510242604091763	0	0
NZ_DS362217|132|G	0	0.531942872144282	0	0	0	0.421840339154005	0	0
NZ_DS362217|133|G	0	0.390691732708365	0	0	0	0.248649647179991	0	1e-07
NZ_DS362217|134|C	0.0640601	0.29616874596104	4.5e-06	0	1e-07	0.524000711925328	0	0
NZ_DS362217|135|T	0	0.458366126380861	0	0	0	0.434767438471317	0	0
NZ_DS362217|136|T	0	0.370933345053345	9e-07	0	0.807481	0.544278080016375	0	0
NZ_DS362217|137|T	7e-06	0.375898157991469	4e-07	0	0	0.350257245916873	0	2.3e-06
NZ_DS362217|138|A	0	0.381708899047226	0	3.5e-05	0	0.376271411217749	0	1.2e-06
NZ_DS362217|139|C	0	0.575637245364487	0	0	0	0.335838635917753	1e-07	0
NZ_DS362217|140|C	0.7340838	0.316065027099103	0	0	0	0.344767219386995	0	0
NZ_DS362217|141|T	0	0	0.532009559776634	1e-07	0	0	0.256489522941411	0
NZ_DS362217|142|A	0	0	0.426119911856949	0	0	0	0.364982262160629	0
NZ_DS362217|143|T	0	0	0.356244630832225	1.7e-06	0	0	0.321907017566264	0
NZ_DS362217|144|A	0	0	0.303860671445727	0	0.1827454	0	0.576813041139394	0
NZ_DS362217|145|T	0	0	0.342707988619804	0	2.3e-06	1.91e-05	0.24229958159849	0
NZ_DS362217|146|A	0	0	0.356522927526385	6.1e-06	0	2e-07	0.37646459788084	2.13e-05
NZ_DS362217|147|A	0	0	0.544912108685821	2.17e-05	0	0.0004491	0.400315791368484	0
NZ_DS362217|148|G	0	0	0.286916638445109	0	0	0	0.352265148889273	0
NZ_DS362217|149|C	0	0	0.579936807416379	0	0	0	0.276871159020811	0
NZ_DS362217|150|A	0	1e-06	0.372878528758883	0	5.62e-05	0	0.417262155283242	0
NZ_DS362217|151|T	0	0	6.72e-05	0.302668506745249	0	0	0	0.385362741816789
NZ_DS362217|152|T	0	0	0	0.295800287928432	0	0	0	0.420238675735891
NZ_DS362217|153|T	0	0	0	0.429841207154095	0	0	1.5e-06	0.528336364030838
NZ_DS362217|154|G	2.75e-05	4.56e-05	0	0.583908398076892	0	1.61e-05	0	0.550681502465159
NZ_DS362217|155|C	0	0	0	0.364510867092758	0	0	7.2e-06	0.494850787892938
NZ_DS362217|156|C	0	0	0	0.384749297611415	0	0	0	0.479061695188284
NZ_DS362217|157|A	4.35e-05	2.44e-05	0	0.432496887911111	0	0	1.97e-05	0.383076650183648
NZ_DS362217|158|G	0	0	0	0.410112266615033	0	0	0	0.306125425174832
NZ_DS362217|159|G	0	0	0	0.291658135410398	0	0	0	0.450736120250076
NZ_DS362217|160|T	0	0	0	0.535397988930345	0	0	0	0.275863359309733
NZ_DS362217|161|T	0	0	0	0	0.243700173031539	0	0	0
NZ_DS362217|162|A	0	0	0.7672049	0	0.354236503876746	0	0	0
NZ_DS362217|163|T	0	0	0	0	0.265409288555384	0.4893957	0	0
NZ_DS362217|164|A	0	0	0	0.0090004	0.549603747390211	0	0	0
NZ_DS362217|165|C	0	0	0	0	0.335565235465765	0	0	0
NZ_DS362217|166|T	0	0	0	0	0.392770691215992	0	0	0
NZ_DS362217|167|T	0	0	0	0	0.356134781148285	0	0	0
NZ_DS362217|168|T	0	0	0	0	0.314925925806165	0	0	0
NZ_DS362217|169|T	0	0	0	0.0912781	0.541632512677461	0	0.0006029	0
NZ_DS362217|170|T	0	0	0.0104513	0	0.309383261203766	0	0	0
NZ_DS362217|171|C	0	0	0	0	0	0.306649154983461	0	0
NZ_DS362217|172|T	0	0	0	0	0	0.4871322453022	0	0.0375029
NZ_DS362217|173|G	0	2.1e-06	0	0	0	0.371714466344565	0	0
NZ_DS362217|174|T	0	0	0	0	0	0.54066267022863	3e-07	0
NZ_DS362217|175|A	0	0.0082673	0	0	0	0.347919605765492	0	0.2146486
NZ_DS362217|176|C	0	0	0	0	0.0005375	0.473494060989469	0	0
NZ_DS362217|177|A	2.83e-05	0	0	0	0	0.578252067696303	0	0
NZ_DS362217|178|G	0	0	1.9e-06	0	0	0.536722132470459	0	0
NZ_DS362217|179|C	0.0438045	0	0	0	0	0.570522508118302	8e-07	0
NZ_DS362217|180|A	0	0	0	0	0	0.494741543661803	0.2236788	0
NZ_DS362217|181|A	0	0	0	0	0.0011269	0	0.257974654994905	0
NZ_DS362217|182|T	0	0	0	0	0	0	0.381277942564338	0
NZ_DS362217|183|A	0.8319094	0.0011355	0	0	0	0	0.467507279664278	0
NZ_DS362217|184|T	0	0	0	5.4e-06	0	0	0.385670235659927	0
NZ_DS362217|185|C	0	0	0.057449	0	0.0165013	0	0.238912375550717	0
NZ_DS362217|186|A	0	0	0.0919481	0	0	0	0.329899775329977	0
NZ_DS362217|187|A	0	2.5e-06	0	1.27e-05	0	0	0.281412571575493	0
NZ_DS362217|188|A	0	0	0	0	0	0	0.573969072476029	0
NZ_DS362217|189|A	0	0	0	0	0	0	0.3121657140553	0
NZ_DS362217|190|T	0	0	0	0	0	0	0.254709861800075	5e-07
NZ_DS362217|191|A	0	0	0	0	0	0	0	0.319048074772581
NZ_DS362217|192|C	0	0.0002073	0	0	0	0	0	0.628631668211892
NZ_DS362217|193|T	0	0	0	0	0	0	0	0.554244489688426
NZ_DS362217|194|T	0	0.0008663	0	0.0002631	0	0	0	0.58583443518728
NZ_DS362217|195|C	0	0.4309908	0	0	0.001647	2e-07	0	0.426241880655289
NZ_DS362217|196|A	0	0	0	0	0	0	0	0.417237363569439
NZ_DS362217|197|A	0	0	0	0	0.9681493	0.0018087	0	0.5721647716593
NZ_DS362217|198|A	0	0	0	0	0	0	0	0.654625617386773
NZ_DS362217|199|G	0	0.0001628	0	0	0	0	1e-07	0.73435014304705
NZ_DS362217|200|C	0	0	0	0	0	0	0	0.441315242927522
