site_id	ERR0S21T10N1	ERR0S21T11N1	ERR0S21T12N1	ERR0S21T13N1	ERR0S21T14N1	ERR0S21T16N1	ERR0S21T15N1	ERR0S21T17N1
NZ_DS362217|1|T	0.0	0.0	0.0	0.0	0.0	0.0	0.0	0.0
NZ_DS362217|2|A	0.0	0.0	0.0	0.0	0.0	0.0	0.0	0.0
NZ_DS362217|3|T	0.0	0.0	0.0	0.0	0.0	0.0	0.0	0.0
NZ_DS362217|4|T	0.0	0.0	0.0	0.0	0.0	0.0	0.0	0.0
NZ_DS362217|5|G	0.0	0.0	0.0	0.0	0.0	0.0	0.0	0.0
NZ_DS362217|6|T	0.0	0.0	0.0	0.0	0.0	0.0	0.0	0.0
NZ_DS362217|7|C	0.0	0.0	0.0	0.0	0.0	0.0	0.0	0.0
NZ_DS362217|8|T	0.0	0.0	0.0	0.0	0.0	0.0	0.0	0.0
NZ_DS362217|9|C	0.0	0.0	0.0	0.0	0.0	0.0	0.0	0.0
NZ_DS362217|10|G	0.0	0.0	0.0	0.0	0.0	0.0	0.0	0.0
NZ_DS362217|11|C	0.0	0.0	0.0	0.0	0.0	0.0	0.0	0.0
NZ_DS362217|12|C	0.0	0.0	0.0	0.0	0.0	0.0	0.0	0.0
NZ_DS362217|13|C	0.0	0.0	0.0	0.0	0.0	0.0	0.0	0.0
NZ_DS362217|14|T	0.0	0.0	0.0	0.0	0.0	0.0	0.0	0.0
NZ_DS362217|15|G	0.0	0.0	0.0	0.0	0.0	0.0	0.0	0.0
NZ_DS362217|16|T	0.0	0.0	0.0	0.0	0.0	0.0	0.0	0.0
NZ_DS362217|17|G	0.0	0.0	0.0	0.0	0.0	0.0	0.0	0.0
NZ_DS362217|18|G	0.0	0.0	0.0	0.0	0.0	0.0	0.0	0.0
NZ_DS362217|19|T	0.0	0.0	0.0	0.0	0.0	0.0	0.0	0.0
NZ_DS362217|20|G	0.0	0.0	0.0	0.0	0.0	0.0	0.0	0.0
NZ_DS362217|21|G	0.0	0.0	0.0	0.0	0.0	0.0	0.0	0.0
NZ_DS362217|22|A	0.0	0.0	0.0	0.0	0.0	0.0	0.0	0.0
NZ_DS362217|23|T	0.0	0.0	0.0	0.0	0.0	0.0	0.0	0.0
NZ_DS362217|24|T	0.0	0.0	0.0	0.0	0.0	0.0	0.0	0.0
NZ_DS362217|25|C	0.0	0.0	0.0	0.0	0.0	0.0	0.0	0.0
NZ_DS362217|26|A	0.0	0.0	0.0	0.0	0.0	0.0	0.0	0.0
NZ_DS362217|27|A	0.0	0.0	0.0	0.0	0.0	0.0	0.0	0.0
NZ_DS362217|28|G	0.0	0.0	0.0	0.0	0.0	0.0	0.0	0.0
NZ_DS362217|29|T	0.0	0.0	0.0	0.0	0.0	0.0	0.0	0.0
NZ_DS362217|30|G	0.0	0.0	0.0	0.0	0.0	0.0	0.0	0.0
NZ_DS362217|31|G	0.0	0.0	0.0	0.0	0.0	0.0	0.0	0.0
NZ_DS362217|32|C	0.0	0.0	0.0	0.0	0.0	0.0	0.0	0.0
NZ_DS362217|33|A	0.0	0.0	0.0	0.0	0.0	0.0	0.0	0.0
NZ_DS362217|34|T	0.0	0.0	0.0	0.0	0.0	0.0	0.0	0.0
NZ_DS362217|35|A	0.0	0.0	0.0	0.0	0.0	0.0	0.0	0.0
NZ_DS362217|36|C	0.0	0.0	0.0	0.0	0.0	0.0	0.0	0.0
NZ_DS362217|37|A	0.0	0.0	0.0	0.0	0.0	0.0	0.0	0.0
NZ_DS362217|38|A	0.0	0.0	0.0	0.0	0.0	0.0	0.0	0.0
NZ_DS362217|39|T	0.0	0.0	0.0	0.0	0.0	0.0	0.0	0.0
NZ_DS362217|40|T	0.0	0.0	0.0	0.0	0.0	0.0	0.0	0.0
NZ_DS362217|41|T	0.0	0.0	0.0	0.0	0.0	0.0	0.0	0.0
NZ_DS362217|42|A	0.0	0.0	0.0	0.0	0.0	0.0	0.0	0.0
NZ_DS362217|43|G	0.0	0.0	0.0	0.0	0.0	0.0	0.0	0.0
NZ_DS362217|44|T	0.0	0.0	0.0	0.0	0.0	0.0	0.0	0.0
NZ_DS362217|45|C	0.0	0.0	0.0	0.0	0.0	0.0	0.0	0.0
NZ_DS362217|46|A	0.0	0.0	0.0	0.0	0.0	0.0	0.0	0.0
NZ_DS362217|47|A	0.0	0.0	0.0	0.0	0.0	0.0	0.0	0.0
NZ_DS362217|48|T	0.0	0.0	0.0	0.0	0.0	0.0	0.0	0.0
NZ_DS362217|49|G	0.0	0.0	0.0	0.0	0.0	0.0	0.0	0.0
NZ_DS362217|50|T	0.0	0.0	0.0	0.0	0.0	0.0	0.0	0.0
NZ_DS362217|51|C	0.0	0.0	0.0	0.0	0.0	0.0	0.0	0.0
NZ_DS362217|52|T	0.0	0.0	0.0	0.0	0.0	0.0	0.0	0.0
NZ_DS362217|53|T	0.0	0.0	0.0	0.0	0.0	0.0	0.0	0.0
NZ_DS362217|54|A	0.0	0.0	0.0	0.0	0.0	0.0	0.0	0.0
NZ_DS362217|55|T	0.0	0.0	0.0	0.0	0.0	0.0	0.0	0.0
NZ_DS362217|56|T	0.0	0.0	0.0	0.0	0.0	0.0	0.0	0.0
NZ_DS362217|57|A	0.0	0.0	0.0	0.0	0.0	0.0	0.0	0.0
NZ_DS362217|58|C	0.0	0.0	0.0	0.0	0.0	0.0	0.0	0.0
NZ_DS362217|59|C	0.0	0.0	0.0	0.0	0.0	0.0	0.0	0.0
NZ_DS362217|60|G	0.0	0.0	0.0	0.0	0.0	0.0	0.0	0.0
NZ_DS362217|61|G	0.0	0.0	0.0	0.0	0.0	0.0	0.0	0.0
NZ_DS362217|62|G	0.0	0.0	0.0	0.0	0.0	0.0	0.0	0.0
NZ_DS362217|63|A	0.0	0.0	0.0	0.0	0.0	0.0	0.0	0.0
NZ_DS362217|64|T	0.0	0.0	0.0	0.0	0.0	0.0	0.0	0.0
NZ_DS362217|65|T	0.0	0.0	0.0	0.0	0.0	0.0	0.0	0.0
NZ_DS362217|66|T	0.0	0.0	0.0	0.0	0.0	0.0	0.0	0.0
NZ_DS362217|67|G	0.0	0.0	0.0	0.0	0.0	0.0	0.0	0.0
NZ_DS362217|68|C	0.0	0.0	0.0	0.0	0.0	0.0	0.0	0.0
NZ_DS362217|69|T	0.0	0.0	0.0	0.0	0.0	0.0	0.0	0.0
NZ_DS362217|70|T	0.0	0.0	0.0	0.0	0.0	0.0	0.0	0.0
NZ_DS362217|71|C	0.0	0.0	0.0	0.0	0.0	0.0	0.0	0.0
NZ_DS362217|72|C	0.0	0.0	0.0	0.0	0.0	0.0	0.0	0.0
NZ_DS362217|73|A	0.0	0.0	0.0	0.0	0.0	0.0	0.0	0.0
NZ_DS362217|74|G	0.0	0.0	0.0	0.0	0.0	0.0	0.0	0.0
NZ_DS362217|75|G	0.0	0.0	0.0	0.0	0.0	0.0	0.0	0.0
NZ_DS362217|76|C	0.0	0.0	0.0	0.0	0.0	0.0	0.0	0.0
NZ_DS362217|77|C	0.0	0.0	0.0	0.0	0.0	0.0	0.0	0.0
NZ_DS362217|78|T	0.0	0.0	0.0	0.0	0.0	0.0	0.0	0.0
NZ_DS362217|79|T	0.0	0.0	0.0	0.0	0.0	0.0	0.0	0.0
NZ_DS362217|80|C	0.0	0.0	0.0	0.0	0.0	0.0	0.0	0.0
NZ_DS362217|81|C	0.0	0.0	0.0	0.0	0.0	0.0	0.0	0.0
NZ_DS362217|82|T	0.0	0.0	0.0	0.0	0.0	0.0	0.0	0.0
NZ_DS362217|83|T	0.0	0.0	0.0	0.0	0.0	0.0	0.0	0.0
NZ_DS362217|84|T	0.0	0.0	0.0	0.0	0.0	0.0	0.0	0.0
NZ_DS362217|85|A	0.0	0.0	0.0	0.0	0.0	0.0	0.0	0.0
NZ_DS362217|86|A	0.0	0.0	0.0	0.0	0.0	0.0	0.0	0.0
NZ_DS362217|87|A	0.0	0.0	0.0	0.0	0.0	0.0	0.0	0.0
NZ_DS362217|88|G	0.0	0.0	0.0	0.0	0.0	0.0	0.0	0.0
NZ_DS362217|89|T	0.0	0.0	0.0	0.0	0.0	0.0	0.0	0.0
NZ_DS362217|90|G	0.0	0.0	0.0	0.0	0.0	0.0	0.0	0.0
NZ_DS362217|91|G	0.0	0.0	0.0	0.0	0.0	0.0	0.0	0.0
NZ_DS362217|92|C	0.0	0.0	0.0	0.0	0.0	0.0	0.0	0.0
NZ_DS362217|93|A	0.0	0.0	0.0	0.0	0.0	0.0	0.0	0.0
NZ_DS362217|94|A	0.0	0.0	0.0	0.0	0.0	0.0	0.0	0.0
NZ_DS362217|95|C	0.0	0.0	0.0	0.0	0.0	0.0	0.0	0.0
NZ_DS362217|96|A	0.0	0.0	0.0	0.0	0.0	0.0	0.0	0.0
NZ_DS362217|97|T	0.0	0.0	0.0	0.0	0.0	0.0	0.0	0.0
NZ_DS362217|98|A	0.0	0.0	0.0	0.0	0.0	0.0	0.0	0.0
NZ_DS362217|99|C	0.0	0.0	0.0	0.0	0.0	0.0	0.0	0.0
NZ_DS362217|100|T	0.0	0.0	0.0	0.0	0.0	0.0	0.0	0.0
NZ_DS362217|101|C	0.0	0.0	0.0	0.0	0.0	0.0	0.0	0.0
NZ_DS362217|102|A	0.0	0.0	0.0	0.0	0.0	0.0	0.0	0.0
NZ_DS362217|103|T	0.0	0.0	0.0	0.0	0.0	0.0	0.0	0.0
NZ_DS362217|104|C	0.0	0.0	0.0	0.0	0.0	0.0	0.0	0.0
NZ_DS362217|105|A	0.0	0.0	0.0	0.0	0.0	0.0	0.0	0.0
NZ_DS362217|106|T	0.0	0.0	0.0	0.0	0.0	0.0	0.0	0.0
NZ_DS362217|107|T	0.0	0.0	0.0	0.0	0.0	0.0	0.0	0.0
NZ_DS362217|108|T	0.0	0.0	0.0	0.0	0.0	0.0	0.0	0.0
NZ_DS362217|109|T	0.0	0.0	0.0	0.0	0.0	0.0	0.0	0.0
NZ_DS362217|110|T	0.0	0.0	0.0	0.0	0.0	0.0	0.0	0.0
NZ_DS362217|111|C	0.0	0.0	0.0	0.0	0.0	0.0	0.0	0.0
NZ_DS362217|112|T	0.0	0.0	0.0	0.0	0.0	0.0	0.0	0.0
NZ_DS362217|113|T	0.0	0.0	0.0	0.0	0.0	0.0	0.0	0.0
NZ_DS362217|114|C	0.0	0.0	0.0	0.0	0.0	0.0	0.0	0.0
NZ_DS362217|115|A	0.0	0.0	0.0	0.0	0.0	0.0	0.0	0.0
NZ_DS362217|116|A	0.0	0.0	0.0	0.0	0.0	0.0	0.0	0.0
NZ_DS362217|117|A	0.0	0.0	0.0	0.0	0.0	0.0	0.0	0.0
NZ_DS362217|118|T	0.0	0.0	0.0	0.0	0.0	0.0	0.0	0.0
NZ_DS362217|119|C	0.0	0.0	0.0	0.0	0.0	0.0	0.0	0.0
NZ_DS362217|120|T	0.0	0.0	0.0	0.0	0.0	0.0	0.0	0.0
NZ_DS362217|121|T	0.0	0.0	0.0	0.0	0.0	0.0	0.0	0.0
NZ_DS362217|122|T	0.0	0.0	0.0	0.0	0.0	0.0	0.0	0.0
NZ_DS362217|123|C	0.0	0.0	0.0	0.0	0.0	0.0	0.0	0.0
NZ_DS362217|124|A	0.0	0.0	0.0	0.0	0.0	0.0	0.0	0.0
NZ_DS362217|125|A	0.0	0.0	0.0	0.0	0.0	0.0	0.0	0.0
NZ_DS362217|126|A	0.0	0.0	0.0	0.0	0.0	0.0	0.0	0.0
NZ_DS362217|127|G	0.0	0.0	0.0	0.0	0.0	0.0	0.0	0.0
NZ_DS362217|128|C	0.0	0.0	0.0	0.0	0.0	0.0	0.0	0.0
NZ_DS362217|129|A	0.0	0.0	0.0	0.0	0.0	0.0	0.0	0.0
NZ_DS362217|130|C	0.0	0.0	0.0	0.0	0.0	0.0	0.0	0.0
NZ_DS362217|131|C	0.0	0.0	0.0	0.0	0.0	0.0	0.0	0.0
NZ_DS362217|132|G	0.0	0.0	0.0	0.0	0.0	0.0	0.0	0.0
NZ_DS362217|133|G	0.0	0.0	0.0	0.0	0.0	0.0	0.0	0.0
NZ_DS362217|134|C	0.0	0.0	0.0	0.0	0.0	0.0	0.0	0.0
NZ_DS362217|135|T	0.0	0.0	0.0	0.0	0.0	0.0	0.0	0.0
NZ_DS362217|136|T	0.0	0.0	0.0	0.0	0.0	0.0	0.0	0.0
NZ_DS362217|137|T	0.0	0.0	0.0	0.0	0.0	0.0	0.0	0.0
NZ_DS362217|138|A	0.0	0.0	0.0	0.0	0.0	0.0	0.0	0.0
NZ_DS362217|139|C	0.0	0.0	0.0	0.0	0.0	0.0	0.0	0.0
NZ_DS362217|140|C	0.0	0.0	0.0	0.0	0.0	0.0	0.0	0.0
NZ_DS362217|141|T	0.0	0.0	0.0	0.0	0.0	0.0	0.0	0.0
NZ_DS362217|142|A	0.0	0.0	0.0	0.0	0.0	0.0	0.0	0.0
NZ_DS362217|143|T	0.0	0.0	0.0	0.0	0.0	0.0	0.0	0.0
NZ_DS362217|144|A	0.0	0.0	0.0	0.0	0.0	0.0	0.0	0.0
NZ_DS362217|145|T	0.0	0.0	0.0	0.0	0.0	0.0	0.0	0.0
NZ_DS362217|146|A	0.0	0.0	0.0	0.0	0.0	0.0	0.0	0.0
NZ_DS362217|147|A	0.0	0.0	0.0	0.0	0.0	0.0	0.0	0.0
NZ_DS362217|148|G	0.0	0.0	0.0	0.0	0.0	0.0	0.0	0.0
NZ_DS362217|149|C	0.0	0.0	0.0	0.0	0.0	0.0	0.0	0.0
NZ_DS362217|150|A	0.0	0.0	0.0	0.0	0.0	0.0	0.0	0.0
NZ_DS362217|151|T	0.0	0.0	0.0	0.0	0.0	0.0	0.0	0.0
NZ_DS362217|152|T	0.0	0.0	0.0	0.0	0.0	0.0	0.0	0.0
NZ_DS362217|153|T	0.0	0.0	0.0	0.0	0.0	0.0	0.0	0.0
NZ_DS362217|154|G	0.0	0.0	0.0	0.0	0.0	0.0	0.0	0.0
NZ_DS362217|155|C	0.0	0.0	0.0	0.0	0.0	0.0	0.0	0.0
NZ_DS362217|156|C	0.0	0.0	0.0	0.0	0.0	0.0	0.0	0.0
NZ_DS362217|157|A	0.0	0.0	0.0	0.0	0.0	0.0	0.0	0.0
NZ_DS362217|158|G	0.0	0.0	0.0	0.0	0.0	0.0	0.0	0.0
NZ_DS362217|159|G	0.0	0.0	0.0	0.0	0.0	0.0	0.0	0.0
NZ_DS362217|160|T	0.0	0.0	0.0	0.0	0.0	0.0	0.0	0.0
NZ_DS362217|161|T	0.0	0.0	0.0	0.0	0.0	0.0	0.0	0.0
NZ_DS362217|162|A	0.0	0.0	0.0	0.0	0.0	0.0	0.0	0.0
NZ_DS362217|163|T	0.0	0.0	0.0	0.0	0.0	0.0	0.0	0.0
NZ_DS362217|164|A	0.0	0.0	0.0	0.0	0.0	0.0	0.0	0.0
NZ_DS362217|165|C	0.0	0.0	0.0	0.0	0.0	0.0	0.0	0.0
NZ_DS362217|166|T	0.0	0.0	0.0	0.0	0.0	0.0	0.0	0.0
NZ_DS362217|167|T	0.0	0.0	0.0	0.0	0.0	0.0	0.0	0.0
NZ_DS362217|168|T	0.0	0.0	0.0	0.0	0.0	0.0	0.0	0.0
NZ_DS362217|169|T	0.0	0.0	0.0	0.0	0.0	0.0	0.0	0.0
NZ_DS362217|170|T	0.0	0.0	0.0	0.0	0.0	0.0	0.0	0.0
NZ_DS362217|171|C	0.0	0.0	0.0	0.0	0.0	0.0	0.0	0.0
NZ_DS362217|172|T	0.0	0.0	0.0	0.0	0.0	0.0	0.0	0.0
NZ_DS362217|173|G	0.0	0.0	0.0	0.0	0.0	0.0	0.0	0.0
NZ_DS362217|174|T	0.0	0.0	0.0	0.0	0.0	0.0	0.0	0.0
NZ_DS362217|175|A	0.0	0.0	0.0	0.0	0.0	0.0	0.0	0.0
NZ_DS362217|176|C	0.0	0.0	0.0	0.0	0.0	0.0	0.0	0.0
NZ_DS362217|177|A	0.0	0.0	0.0	0.0	0.0	0.0	0.0	0.0
NZ_DS362217|178|G	0.0	0.0	0.0	0.0	0.0	0.0	0.0	0.0
NZ_DS362217|179|C	0.0	0.0	0.0	0.0	0.0	0.0	0.0	0.0
NZ_DS362217|180|A	0.0	0.0	0.0	0.0	0.0	0.0	0.0	0.0
NZ_DS362217|181|A	0.0	0.0	0.0	0.0	0.0	0.0	0.0	0.0
NZ_DS362217|182|T	0.0	0.0	0.0	0.0	0.0	0.0	0.0	0.0
NZ_DS362217|183|A	0.0	0.0	0.0	0.0	0.0	0.0	0.0	0.0
NZ_DS362217|184|T	0.0	0.0	0.0	0.0	0.0	0.0	0.0	0.0
NZ_DS362217|185|C	0.0	0.0	0.0	0.0	0.0	0.0	0.0	0.0
NZ_DS362217|186|A	0.0	0.0	0.0	0.0	0.0	0.0	0.0	0.0
NZ_DS362217|187|A	0.0	0.0	0.0	0.0	0.0	0.0	0.0	0.0
NZ_DS362217|188|A	0.0	0.0	0.0	0.0	0.0	0.0	0.0	0.0
NZ_DS362217|189|A	0.0	0.0	0.0	0.0	0.0	0.0	0.0	0.0
NZ_DS362217|190|T	0.0	0.0	0.0	0.0	0.0	0.0	0.0	0.0
NZ_DS362217|191|A	0.0	0.0	0.0	0.0	0.0	0.0	0.0	0.0
NZ_DS362217|192|C	0.0	0.0	0.0	0.0	0.0	0.0	0.0	0.0
NZ_DS362217|193|T	0.0	0.0	0.0	0.0	0.0	0.0	0.0	0.0
NZ_DS362217|194|T	0.0	0.0	0.0	0.0	0.0	0.0	0.0	0.0
NZ_DS362217|195|C	0.0	0.0	0.0	0.0	0.0	0.0	0.0	0.0
NZ_DS362217|196|A	0.0	0.0	0.0	0.0	0.0	0.0	0.0	0.0
NZ_DS362217|197|A	0.0	0.0	0.0	0.0	0.0	0.0	0.0	0.0
NZ_DS362217|198|A	0.0	0.0	0.0	0.0	0.0	0.0	0.0	0.0
NZ_DS362217|199|G	0.0	0.0	0.0	0.0	0.0	0.0	0.0	0.0
NZ_DS362217|200|C	0.0	0.0	0.0	0.0	0.0	0.0	0.0	0.0
