site_id	Baby1	Baby2	Baby3	Baby4	Mother1	Mother2	Mother3	Mother4
NZ_DS362217|1|T	3	3	1	2	1	3	2	3
NZ_DS362217|2|A	4	13	11	11	10	8	15	11
NZ_DS362217|3|T	3	7	6	8	6	8	4	6
NZ_DS362217|4|T	2	3	5	3	1	5	4	2
NZ_DS362217|5|G	1	2	1	5	0	0	1	1
NZ_DS362217|6|T	8	8	12	9	10	9	9	14
NZ_DS362217|7|C	9	14	5	6	10	11	8	8
NZ_DS362217|8|T	6	11	13	12	11	12	9	9
NZ_DS362217|9|C	7	7	11	9	7	10	9	10
NZ_DS362217|10|G	11	8	12	9	11	13	11	8
NZ_DS362217|11|C	1	1	2	3	5	1	0	2
NZ_DS362217|12|C	14	9	6	15	10	13	8	7
NZ_DS362217|13|C	7	11	9	14	15	11	9	10
NZ_DS362217|14|T	14	9	5	7	12	11	11	11
NZ_DS362217|15|G	1	1	1	1	3	3	3	1
NZ_DS362217|16|T	10	8	10	17	16	5	6	11
NZ_DS362217|17|G	3	1	3	0	3	3	4	1
NZ_DS362217|18|G	2	1	2	2	1	6	0	4
NZ_DS362217|19|T	8	11	11	9	10	9	16	7
NZ_DS362217|20|G	2	2	2	4	4	3	1	1
NZ_DS362217|21|G	13	10	12	8	10	8	10	7
NZ_DS362217|22|A	7	11	6	5	16	14	9	11
NZ_DS362217|23|T	8	8	7	7	9	10	10	13
NZ_DS362217|24|T	8	6	10	18	10	9	6	11
NZ_DS362217|25|C	13	12	8	10	7	13	12	6
NZ_DS362217|26|A	9	10	7	12	12	12	9	14
NZ_DS362217|27|A	12	11	6	9	16	9	5	4
NZ_DS362217|28|G	8	8	8	10	15	9	13	11
NZ_DS362217|29|T	9	5	8	4	14	17	14	9
NZ_DS362217|30|G	4	13	8	5	12	5	9	7
NZ_DS362217|31|G	10	11	10	4	7	9	10	10
NZ_DS362217|32|C	10	15	9	10	13	13	13	8
NZ_DS362217|33|A	16	10	15	5	8	4	7	12
NZ_DS362217|34|T	12	8	5	10	13	16	14	12
NZ_DS362217|35|A	16	13	11	7	12	10	13	5
NZ_DS362217|36|C	2	1	1	1	1	2	2	2
NZ_DS362217|37|A	14	13	10	7	11	13	15	10
NZ_DS362217|38|A	9	4	6	6	8	7	8	10
NZ_DS362217|39|T	7	10	11	9	20	12	10	13
NZ_DS362217|40|T	12	9	11	7	17	18	12	11
NZ_DS362217|41|T	8	6	9	13	7	10	10	6
NZ_DS362217|42|A	11	12	12	7	11	16	9	3
NZ_DS362217|43|G	14	7	9	8	7	6	15	9
NZ_DS362217|44|T	11	11	13	6	10	11	10	12
NZ_DS362217|45|C	9	8	17	10	11	5	10	10
NZ_DS362217|46|A	14	7	11	11	9	6	9	11
NZ_DS362217|47|A	10	6	10	6	13	2	11	14
NZ_DS362217|48|T	6	9	7	12	10	12	9	12
NZ_DS362217|49|G	10	10	10	14	16	9	12	8
NZ_DS362217|50|T	11	8	6	7	15	10	13	16
NZ_DS362217|51|C	9	5	8	8	11	10	10	14
NZ_DS362217|52|T	10	12	12	12	8	15	8	9
NZ_DS362217|53|T	14	14	6	9	7	10	11	11
NZ_DS362217|54|A	8	6	9	8	9	8	10	12
NZ_DS362217|55|T	11	8	12	9	8	9	10	10
NZ_DS362217|56|T	6	6	9	11	10	17	13	10
NZ_DS362217|57|A	11	8	11	8	5	6	12	13
NZ_DS362217|58|C	11	8	9	9	8	12	6	9
NZ_DS362217|59|C	4	1	1	2	1	4	2	2
NZ_DS362217|60|G	12	9	7	8	7	8	5	6
NZ_DS362217|61|G	12	10	12	8	7	5	9	11
NZ_DS362217|62|G	0	4	1	3	3	3	1	1
NZ_DS362217|63|A	16	9	14	10	9	11	7	12
NZ_DS362217|64|T	9	11	6	12	7	15	13	9
NZ_DS362217|65|T	9	5	10	19	10	12	12	15
NZ_DS362217|66|T	10	13	15	8	7	11	8	8
NZ_DS362217|67|G	2	1	0	0	3	3	0	2
NZ_DS362217|68|C	19	12	8	7	12	8	10	10
NZ_DS362217|69|T	10	13	8	11	10	9	13	10
NZ_DS362217|70|T	6	7	7	12	10	12	14	16
NZ_DS362217|71|C	9	18	10	6	13	8	9	11
NZ_DS362217|72|C	8	10	13	9	6	7	10	7
NZ_DS362217|73|A	9	11	8	9	13	7	9	9
NZ_DS362217|74|G	11	11	12	15	15	14	6	10
NZ_DS362217|75|G	1	2	4	2	0	2	2	4
NZ_DS362217|76|C	9	11	11	18	8	11	6	7
NZ_DS362217|77|C	3	2	2	3	2	0	0	3
NZ_DS362217|78|T	13	12	13	17	12	10	3	12
NZ_DS362217|79|T	12	7	14	9	11	10	9	9
NZ_DS362217|80|C	13	9	21	14	13	14	9	8
NZ_DS362217|81|C	14	4	10	8	9	16	5	9
NZ_DS362217|82|T	11	9	12	12	10	6	13	17
NZ_DS362217|83|T	1	2	1	2	2	1	2	1
NZ_DS362217|84|T	7	15	10	9	16	10	9	14
NZ_DS362217|85|A	2	3	2	1	2	2	3	1
NZ_DS362217|86|A	15	14	13	5	8	16	9	9
NZ_DS362217|87|A	1	4	1	4	2	2	3	1
NZ_DS362217|88|G	4	12	9	7	13	11	7	9
NZ_DS362217|89|T	13	6	10	5	8	10	15	12
NZ_DS362217|90|G	10	5	11	7	4	10	12	13
NZ_DS362217|91|G	1	0	0	1	3	0	1	4
NZ_DS362217|92|C	11	6	17	8	14	11	10	9
NZ_DS362217|93|A	7	6	10	5	11	7	13	8
NZ_DS362217|94|A	1	2	3	1	2	5	1	2
NZ_DS362217|95|C	1	0	2	1	2	3	1	0
NZ_DS362217|96|A	10	7	11	15	8	9	9	11
NZ_DS362217|97|T	1	1	4	0	2	5	1	6
NZ_DS362217|98|A	7	9	8	7	14	6	13	8
NZ_DS362217|99|C	11	10	17	11	10	12	10	8
NZ_DS362217|100|T	13	10	11	10	10	11	5	13
NZ_DS362217|101|C	12	17	10	10	10	10	10	12
NZ_DS362217|102|A	12	8	11	13	11	7	7	9
NZ_DS362217|103|T	12	6	6	8	4	7	10	11
NZ_DS362217|104|C	8	7	6	6	10	9	13	5
NZ_DS362217|105|A	1	2	1	3	1	3	4	2
NZ_DS362217|106|T	8	18	18	6	10	11	10	7
NZ_DS362217|107|T	10	15	9	9	14	12	4	15
NZ_DS362217|108|T	12	6	13	17	6	9	12	9
NZ_DS362217|109|T	4	11	9	9	11	6	3	15
NZ_DS362217|110|T	10	11	9	11	6	13	8	9
NZ_DS362217|111|C	7	11	14	8	13	13	9	6
NZ_DS362217|112|T	6	9	15	11	8	6	9	11
NZ_DS362217|113|T	15	6	9	7	6	10	4	9
NZ_DS362217|114|C	9	9	4	4	11	9	3	8
NZ_DS362217|115|A	2	4	2	0	0	1	1	3
NZ_DS362217|116|A	11	8	11	6	5	8	11	9
NZ_DS362217|117|A	0	1	2	1	2	6	2	1
NZ_DS362217|118|T	9	8	10	5	13	14	4	8
NZ_DS362217|119|C	10	10	10	7	9	7	10	9
NZ_DS362217|120|T	6	7	14	10	8	10	6	10
NZ_DS362217|121|T	10	11	7	17	5	14	11	14
NZ_DS362217|122|T	6	8	9	12	11	5	7	11
NZ_DS362217|123|C	13	7	11	13	7	7	20	12
NZ_DS362217|124|A	11	16	11	11	7	8	11	9
NZ_DS362217|125|A	11	12	10	10	8	10	6	12
NZ_DS362217|126|A	4	3	1	2	2	0	3	3
NZ_DS362217|127|G	7	7	7	4	19	8	12	13
NZ_DS362217|128|C	5	0	2	1	1	3	1	2
NZ_DS362217|129|A	13	11	11	11	14	6	7	9
NZ_DS362217|130|C	10	12	12	9	9	10	13	11
NZ_DS362217|131|C	14	9	13	12	11	11	9	9
NZ_DS362217|132|G	10	10	12	9	9	8	9	9
NZ_DS362217|133|G	13	10	9	19	12	15	9	14
NZ_DS362217|134|C	10	10	11	7	12	8	10	13
NZ_DS362217|135|T	6	11	12	6	12	10	14	6
NZ_DS362217|136|T	12	7	4	7	5	11	8	3
NZ_DS362217|137|T	12	7	12	13	7	11	11	8
NZ_DS362217|138|A	7	9	9	4	12	9	14	8
NZ_DS362217|139|C	7	17	8	10	18	12	16	11
NZ_DS362217|140|C	1	3	3	2	2	3	3	2
NZ_DS362217|141|T	10	6	13	12	6	12	9	9
NZ_DS362217|142|A	0	4	2	3	2	2	1	0
NZ_DS362217|143|T	8	8	9	8	10	8	9	13
NZ_DS362217|144|A	5	8	6	10	2	6	9	9
NZ_DS362217|145|T	11	13	10	5	8	10	14	11
NZ_DS362217|146|A	14	4	11	9	13	8	7	10
NZ_DS362217|147|A	11	9	12	12	9	13	10	12
NZ_DS362217|148|G	8	14	9	12	9	9	12	4
NZ_DS362217|149|C	12	14	9	17	8	7	11	10
NZ_DS362217|150|A	14	4	19	11	5	11	12	14
NZ_DS362217|151|T	2	0	2	2	1	5	1	2
NZ_DS362217|152|T	12	11	9	9	12	10	7	13
NZ_DS362217|153|T	5	9	16	7	4	5	12	11
NZ_DS362217|154|G	13	7	9	5	17	13	12	6
NZ_DS362217|155|C	2	0	1	7	3	1	4	3
NZ_DS362217|156|C	1	2	2	2	2	0	4	6
NZ_DS362217|157|A	9	7	9	8	10	9	8	9
NZ_DS362217|158|G	0	1	2	3	1	1	1	1
NZ_DS362217|159|G	12	8	13	11	11	5	9	14
NZ_DS362217|160|T	0	1	1	5	5	3	1	2
NZ_DS362217|161|T	6	5	11	16	14	10	8	14
NZ_DS362217|162|A	13	9	15	11	7	9	10	14
NZ_DS362217|163|T	4	4	2	3	2	0	1	2
NZ_DS362217|164|A	7	11	7	4	8	15	12	3
NZ_DS362217|165|C	3	3	2	3	1	1	1	0
NZ_DS362217|166|T	7	12	8	8	4	4	13	15
NZ_DS362217|167|T	12	13	12	11	8	8	4	10
NZ_DS362217|168|T	1	3	1	2	1	3	2	0
NZ_DS362217|169|T	17	15	8	8	8	12	7	6
NZ_DS362217|170|T	10	9	5	8	19	12	7	12
NZ_DS362217|171|C	13	7	3	9	7	15	6	13
NZ_DS362217|172|T	11	15	8	13	9	7	9	5
NZ_DS362217|173|G	8	8	14	11	12	8	13	7
NZ_DS362217|174|T	11	15	14	13	10	7	6	7
NZ_DS362217|175|A	11	8	9	10	10	9	8	0
NZ_DS362217|176|C	9	7	9	14	13	14	6	10
NZ_DS362217|177|A	7	10	8	8	6	17	4	10
NZ_DS362217|178|G	8	6	7	16	6	5	14	9
NZ_DS362217|179|C	6	12	9	9	10	9	8	9
NZ_DS362217|180|A	15	12	7	13	12	11	5	12
NZ_DS362217|181|A	9	6	13	5	10	7	7	4
NZ_DS362217|182|T	3	3	1	1	1	3	1	1
NZ_DS362217|183|A	10	16	12	11	9	12	13	15
NZ_DS362217|184|T	8	10	7	12	11	18	12	5
NZ_DS362217|185|C	11	6	8	11	5	10	9	11
NZ_DS362217|186|A	6	10	9	13	10	8	10	7
NZ_DS362217|187|A	10	5	11	8	15	7	9	8
NZ_DS362217|188|A	13	10	11	6	9	15	7	12
NZ_DS362217|189|A	5	10	11	10	12	14	8	8
NZ_DS362217|190|T	12	9	14	10	11	6	6	4
NZ_DS362217|191|A	1	1	3	1	2	3	4	3
NZ_DS362217|192|C	1	3	3	2	2	2	4	2
NZ_DS362217|193|T	13	6	14	7	13	15	10	8
NZ_DS362217|194|T	11	13	17	3	17	7	8	15
NZ_DS362217|195|C	6	13	7	15	12	7	14	14
NZ_DS362217|196|A	3	4	2	2	2	0	2	2
NZ_DS362217|197|A	7	7	17	6	11	10	7	10
NZ_DS362217|198|A	7	4	2	7	10	9	14	10
NZ_DS362217|199|G	10	12	7	10	11	10	12	13
NZ_DS362217|200|C	13	8	7	4	6	13	9	11
